[0.07766253825900252, 0.056213761958663046, 0.8407050532088328, 8.124402405709059E-4, 0.024606206332930612]
[0.012769431711554041, 0.01330996533731738, 1.8715033517820375E-5, 0.13882769851897078, 0.83507418939864]
[1.1514248978739094E-7, 1.241311740746899E-7, 1.1232690747133522E-7, 1.2784170854387082E-7, 0.9999995205577199]
[3.179904539388851E-7, 0.0036158171132793324, 0.9916827757309866, 0.0026148805890614957, 0.002086208576218513]
[0.03225598609254882, 0.026882998267170256, 0.9366455128098027, 0.004204866243456163, 1.063658702205441E-5]
[6.95717820246306E-5, 5.660815758002038E-5, 0.9996235814005339, 1.3116435091101457E-4, 1.1907430895029339E-4]
[0.02832651763670165, 0.010257222162745883, 0.8987855444532529, 0.049147193276440446, 0.01348352247085903]
[0.8895885941901583, 0.04495352373886017, 0.005820950626523464, 0.04445985514567436, 0.015177076298783732]
[0.8696312833699402, 0.08040346812706846, 0.020585024429242052, 0.010994664586973164, 0.018385559486776087]
[0.02093580704099376, 0.05818268770675703, 0.8486738471232524, 0.007790169429124447, 0.06441748869987228]
[0.12141153171550116, 0.7809587086537195, 0.0067193776872266475, 0.06508664830571298, 0.025823733637839633]
[0.650208395086553, 0.08608641453264834, 0.07399687103143367, 0.018272694765381087, 0.17143562458398415]
[0.010301317190407841, 0.13317787509600817, 2.2834067764212837E-6, 0.8328649113269236, 0.02365361297988381]
[1.4464580967170479E-4, 1.346754934534747E-4, 1.988295864253983E-4, 0.9993610718181314, 1.6077729231789544E-4]
[0.01837442069761952, 0.001960847434649239, 0.9654923193420031, 4.074680416176896E-5, 0.014131665721565915]
[0.01713458749095961, 0.012177396923022072, 4.551669209234621E-6, 0.9108823455707986, 0.059801118346010346]
[0.10299931814700689, 0.04642326672495224, 0.8232155253637071, 1.878204427020088E-5, 0.027343107720063674]
[2.5757722142674033E-8, 0.9999998951176896, 2.512786788903837E-8, 2.859857566913881E-8, 2.539814465122761E-8]
[0.002104536835523009, 0.9978939510426001, 6.80371701879628E-7, 3.8551054816574676E-7, 4.4623962681529173E-7]
[1.527953260257091E-4, 2.004787010451727E-4, 7.187055858645605E-4, 1.3059147029078626E-4, 0.9987974289167737]
[1.829813982086186E-5, 0.9999387617460378, 1.043344236472255E-5, 1.3835190359053402E-5, 1.867148141770285E-5]
[1.1203878638242204E-10, 1.207851777500508E-10, 0.9927000723918403, 2.4976646577268985E-7, 0.0072996776088698955]
[1.3112234194211397E-9, 1.4135850529853634E-9, 8.504711924554423E-6, 1.4558399990399705E-9, 0.9999914911074271]
[7.078942113394679E-8, 0.9993598511162887, 6.399296962076016E-4, 7.859688079792059E-8, 6.98012016659637E-8]
[0.05194102624285059, 0.011865936705031162, 0.8347160505501705, 0.0134897115224589, 0.08798727497948866]
[0.006595322278678427, 0.008346245233334697, 0.9579155182337914, 0.00860587143605112, 0.018537042818144348]
[0.021933363742340638, 0.8503858737815949, 0.02262785100321891, 0.03877126095261848, 0.06628165052022687]
[0.05559516617749525, 0.03282349239032962, 0.012876935333828284, 0.631491567679139, 0.2672128384192079]
[1.1203878638242204E-10, 1.207851777500508E-10, 0.9927000723918403, 2.4976646577268985E-7, 0.0072996776088698955]
[9.149979104091921E-5, 5.311709968030378E-5, 3.43303504696133E-9, 3.907212223451658E-9, 0.9998553757690315]
[0.06995243804984919, 0.8464114664643568, 0.005119350869129825, 0.026986850245471847, 0.051529894371192264]
[0.002104536835523009, 0.9978939510426001, 6.80371701879628E-7, 3.8551054816574676E-7, 4.4623962681529173E-7]
[0.043334077683138184, 5.4908348132310865E-5, 0.9412886643606091, 0.015318371951583224, 3.9776565367902105E-6]
[0.9386355299571056, 0.023271235568671885, 6.524792577872753E-4, 0.009114245135904616, 0.02832651008053051]
[0.739555360343397, 0.09148364959368775, 0.010001611478002173, 0.13836708447591642, 0.020592294108996847]
[0.09719369059542113, 0.7558259987747089, 0.0015729376174645313, 0.0457819530216053, 0.09962541999080002]
[0.19346614023219266, 9.09640067327915E-7, 3.3310850043834786E-10, 0.7223601966367368, 0.08417275315789458]
[2.9752196165245298E-5, 5.9611269976207753E-5, 2.0149808809925315E-5, 0.0061045016538688966, 0.9937859850711798]
[0.03746906089004136, 0.020353602526787112, 3.1465006527556633E-9, 2.1324199937770022E-5, 0.9421560092367331]
[0.03138597698511772, 3.4198134198563807E-9, 3.017937878830098E-5, 3.522038631751254E-9, 0.9685838366942419]
[0.999969405198391, 3.2963147462278944E-8, 2.982851360715799E-8, 3.0501860597317007E-5, 3.014935077942669E-8]
[1.1203878638242204E-10, 1.207851777500508E-10, 0.9927000723918403, 2.4976646577268985E-7, 0.0072996776088698955]
[9.240738419557044E-6, 0.9999627771323413, 6.257536265421954E-6, 4.4665462677433076E-6, 1.7258046705955943E-5]
[0.01291660677381537, 0.005939670702568229, 0.8893768833245581, 0.01951669728520138, 0.07225014191385709]
[0.007987037246230575, 0.06479857649835921, 0.009505493278083779, 0.8579157147412286, 0.059793178236097734]
[0.8100546834198756, 0.026486570430067812, 0.016476391988603456, 0.056872345631256475, 0.09011000853019664]
[0.896186645003636, 0.01120142901863312, 0.010325545257977728, 3.64044459820558E-5, 0.08224997627377113]
[1.773646796422085E-9, 0.006651572130857651, 0.07434986911828165, 0.9189963813388367, 2.175638376972904E-6]
[3.187416242035644E-10, 3.436244266727227E-10, 3.1094742692543054E-10, 0.9999999987123944, 3.142919949616682E-10]
[0.043185600447205215, 0.02312784683584643, 0.034746078779533215, 0.849282856743472, 0.04965761719394299]
[0.9701180305141675, 2.7056491764209926E-5, 4.659620580812676E-9, 0.020732464853656943, 0.009122443480790964]
[0.002606175628640517, 0.9930335653101594, 2.730738338463143E-4, 4.318728790892052E-6, 0.004082866498563114]
[0.026325802417680556, 0.9591266055457462, 4.9338672372243136E-5, 0.003620578602440114, 0.010877674761760953]
[1.1203878638242204E-10, 1.207851777500508E-10, 0.9927000723918403, 2.4976646577268985E-7, 0.0072996776088698955]
[1.1203878638242204E-10, 1.207851777500508E-10, 0.9927000723918403, 2.4976646577268985E-7, 0.0072996776088698955]
[1.1203878638242204E-10, 1.207851777500508E-10, 0.9927000723918403, 2.4976646577268985E-7, 0.0072996776088698955]
[0.013004686158229414, 0.1274490216632094, 0.8033517111864503, 0.007980410275684554, 0.04821417071642648]
[0.7141444388148591, 0.079477032511893, 0.024068830883205754, 0.05030546581772995, 0.13200423197231217]
[0.07026126311413008, 5.4439356196598494E-5, 1.951761700208391E-4, 3.545973068180208E-5, 0.9294536616289706]
[0.09203792873343214, 0.18629960870610546, 0.026204019210921897, 0.030952668636764095, 0.6645057747127764]
[0.0013528947348247203, 6.516916106864448E-4, 1.9659169727549565E-4, 0.0033876912372721177, 0.9944111307199412]
[0.03746906089004136, 0.020353602526787112, 3.1465006527556633E-9, 2.1324199937770022E-5, 0.9421560092367331]
[0.002104536835523009, 0.9978939510426001, 6.80371701879628E-7, 3.8551054816574676E-7, 4.4623962681529173E-7]
[0.06590898472264618, 0.9340628670990422, 6.295544357408891E-6, 4.4949312857451415E-6, 1.735770266817699E-5]
[0.0029326618621547053, 0.9497941343591365, 4.2956342204917403E-4, 0.04684063695008518, 3.003406574610322E-6]
[0.0697650870438556, 0.03419186716845976, 6.164475071907981E-6, 0.0689118235113151, 0.8271250578012974]
[0.3520151868831254, 0.046019811840888304, 0.10726585732852707, 0.06742795815146478, 0.4272711857959945]
[1.0299652685215283E-7, 0.9999995806106753, 1.0047795008561293E-7, 1.1435615115824782E-7, 1.0155869657554483E-7]
[1.1203878638242204E-10, 1.207851777500508E-10, 0.9927000723918403, 2.4976646577268985E-7, 0.0072996776088698955]
[0.17962454589192747, 0.0463847278773245, 0.011920843953002089, 0.04736274091453981, 0.7147071413632061]
[0.013551238796274064, 0.005081587882943296, 4.6252428260290375E-6, 0.041336003506949014, 0.9400265445710078]
[1.0694649398633756E-7, 7.29426160155586E-5, 1.0994066334546278E-4, 1.1874176543546848E-7, 0.9998168910323795]
[0.9558620100849369, 7.719726364657542E-4, 0.043321219710506245, 4.477101678116404E-5, 2.6551309833936706E-8]
[0.006595322278678427, 0.008346245233334697, 0.9579155182337914, 0.00860587143605112, 0.018537042818144348]
[1.1494458489799277E-5, 2.3032714134672088E-5, 7.783866073736016E-6, 5.556272352384567E-6, 0.9999521326889496]
[0.13928539340192655, 0.13793206485079476, 0.32145328683587476, 0.2021384470068932, 0.19919080790451077]
[0.002606175628640517, 0.9930335653101594, 2.730738338463143E-4, 4.318728790892052E-6, 0.004082866498563114]
[2.846456221813623E-8, 3.0686669483902716E-8, 0.9999998811776141, 3.160395674645508E-8, 2.8067197271778603E-8]
[0.0961843591673515, 0.8313794916970934, 0.0309110533998841, 0.010037617924444756, 0.03148747781122631]
[0.9999010898888894, 7.182396082507966E-8, 6.499385397715762E-8, 9.870760036430172E-5, 6.569293153092054E-8]
[0.03167359069220531, 0.041608014381168144, 0.041946862308651675, 0.014878692084179562, 0.8698928405337955]
[0.7988199524545156, 2.2917073723677112E-4, 1.125189207402583E-8, 9.644631021378645E-5, 0.20085441924614159]
[1.0315044989990915E-7, 5.046959143957956E-4, 9.863591705555127E-4, 2.2876835008763617E-4, 0.9982800734145112]
[1.1203878638242204E-10, 1.207851777500508E-10, 0.9927000723918403, 2.4976646577268985E-7, 0.0072996776088698955]
[0.9999996927846222, 7.980791306072515E-8, 7.221857146423542E-8, 8.219353467860363E-8, 7.299535848617772E-8]
[0.7504374048696768, 0.08812158158953642, 0.004971093899526503, 0.07156813738843712, 0.08490178225282327]
[0.9999958583605433, 1.0759083877116987E-6, 9.735947703306806E-7, 1.1080694881608334E-6, 9.840668105121772E-7]
[0.16774279173875792, 0.052806922775176464, 0.10600753661318305, 0.06364696396948344, 0.6097957849033991]
[0.0029326618621547053, 0.9497941343591365, 4.2956342204917403E-4, 0.04684063695008518, 3.003406574610322E-6]
[2.000736902651567E-4, 1.1676300709290937E-7, 1.0565941707687705E-7, 0.999799597091415, 1.0679589571758172E-7]
[0.05872127056683375, 0.9410062873551187, 2.0078493487379534E-4, 3.6485846332055314E-5, 3.5171296841653355E-5]
[9.240738419557044E-6, 0.9999627771323413, 6.257536265421954E-6, 4.4665462677433076E-6, 1.7258046705955943E-5]
[0.03225598609254882, 0.026882998267170256, 0.9366455128098027, 0.004204866243456163, 1.063658702205441E-5]
[0.0961843591673515, 0.8313794916970934, 0.0309110533998841, 0.010037617924444756, 0.03148747781122631]
[0.06590898472264618, 0.9340628670990422, 6.295544357408891E-6, 4.4949312857451415E-6, 1.735770266817699E-5]
[1.2651558255832667E-4, 4.091577115724134E-4, 8.431839112352064E-9, 0.9994308231629787, 3.349511105142318E-5]
[1.83756564410053E-8, 1.981016575746231E-8, 1.7926316033161564E-8, 0.9999999257687293, 1.8119132498005263E-8]
[0.007911922962572565, 0.965907299600138, 0.00755498021767163, 0.0019900193132477823, 0.016635777906370396]
[0.025482678156509946, 2.3413129576760157E-5, 0.9727027572340109, 1.367579681423496E-4, 0.0016543935117601643]
[0.7141444388148591, 0.079477032511893, 0.024068830883205754, 0.05030546581772995, 0.13200423197231217]
[0.013004686158229414, 0.1274490216632094, 0.8033517111864503, 0.007980410275684554, 0.04821417071642648]
[3.04158277392366E-4, 2.431087917644799E-4, 1.3010621159556144E-4, 0.999130553795486, 1.9207292376150403E-4]
[1.3236109882352655E-7, 0.9999994610417112, 1.2912446941009835E-7, 1.469593809339077E-7, 1.305133394752259E-7]
[0.9999998847622049, 2.993628765925053E-8, 2.70894933444567E-8, 3.083114447557395E-8, 2.738086946052108E-8]
[0.7702840311149208, 4.727740794803986E-5, 6.999079337422149E-5, 2.0795167147545453E-4, 0.22939074901228146]
[0.9257672331119765, 2.7329842968687336E-8, 2.4730908776410307E-8, 0.07422404262286318, 8.672204408591517E-6]
[3.187416242035644E-10, 3.436244266727227E-10, 3.1094742692543054E-10, 0.9999999987123944, 3.142919949616682E-10]
[0.0012170475427146507, 0.01786993245155307, 8.839135475691166E-7, 0.9727763169194822, 0.008135819172702579]
[0.06583548942190337, 0.029560146674135854, 0.9028972267284865, 6.6136934985656145E-6, 0.0017005234819756632]
[1.1203878638242204E-10, 1.207851777500508E-10, 0.9927000723918403, 2.4976646577268985E-7, 0.0072996776088698955]
[0.13816952465139115, 0.05496092863811855, 0.08727796251770455, 0.038329908073397034, 0.6812616761193883]
[1.1203878638242204E-10, 1.207851777500508E-10, 0.9927000723918403, 2.4976646577268985E-7, 0.0072996776088698955]
[3.179904539388851E-7, 0.0036158171132793324, 0.9916827757309866, 0.0026148805890614957, 0.002086208576218513]
[0.7711776069839055, 0.16466312050315457, 4.8423622723489304E-4, 0.010281280959197767, 0.053393755326507676]
[0.030174578921644855, 0.9629710982123567, 2.693996079893797E-4, 4.895724611987521E-5, 0.006535966011889314]
[0.016886817676306988, 1.2258351465481616E-4, 8.249046088261693E-9, 1.6457952692903616E-5, 0.9829741326072997]
[2.1278217410103568E-8, 2.2939317312051963E-8, 0.015003016689357626, 0.9848855612331622, 1.1137785994549455E-4]
[0.013613336172670657, 6.830537242212873E-4, 9.592686344110028E-7, 0.8924416839850935, 0.0932609668493802]
[0.5567760038957971, 0.10195709264004907, 0.008682556855955696, 0.19333647668207674, 0.13924786992612148]
[3.179904539388851E-7, 0.0036158171132793324, 0.9916827757309866, 0.0026148805890614957, 0.002086208576218513]
[1.1203878638242204E-10, 1.207851777500508E-10, 0.9927000723918403, 2.4976646577268985E-7, 0.0072996776088698955]
[0.04555494104715142, 0.030532118802258135, 0.010922762565925281, 0.04184615044101498, 0.8711440271436502]
[9.240738419557044E-6, 0.9999627771323413, 6.257536265421954E-6, 4.4665462677433076E-6, 1.7258046705955943E-5]
[0.002104536835523009, 0.9978939510426001, 6.80371701879628E-7, 3.8551054816574676E-7, 4.4623962681529173E-7]
[0.0029326618621547053, 0.9497941343591365, 4.2956342204917403E-4, 0.04684063695008518, 3.003406574610322E-6]
[8.562098995636802E-4, 0.015578632051384905, 0.013906641921116044, 0.8900349889230326, 0.07962352720490225]
[1.265232291679435E-8, 1.3640035935767806E-8, 0.9999999471841798, 1.4047764484843476E-8, 1.247569664098508E-8]
[8.752264989796836E-6, 0.03325306110221012, 4.811152782930884E-6, 0.827888535049528, 0.13884484043048909]
[0.28805322582247894, 0.0019878147923141085, 0.004440990831046911, 0.2997784644170289, 0.405739504137131]
[1.2651558255832667E-4, 4.091577115724134E-4, 8.431839112352064E-9, 0.9994308231629787, 3.349511105142318E-5]
[0.06583548942190337, 0.029560146674135854, 0.9028972267284865, 6.6136934985656145E-6, 0.0017005234819756632]
[0.999622438403564, 8.804792418807719E-5, 1.2998859061107815E-4, 5.4413290175975807E-5, 1.0511179146105136E-4]
[0.07878598836629051, 0.04735898032207129, 0.007052949062470395, 0.679092766901958, 0.18770931534721003]
[0.923331996592862, 0.04513904292310568, 9.077365920076858E-4, 0.022622863200746465, 0.007998360691277991]
[0.9918750442960428, 4.705988271669453E-6, 2.518666931504728E-6, 4.5085923186169955E-6, 0.008113222456435065]
[1.1203878638242204E-10, 1.207851777500508E-10, 0.9927000723918403, 2.4976646577268985E-7, 0.0072996776088698955]
[0.27951507648927726, 0.6895551951540652, 6.64967826829494E-6, 0.01818953806765689, 0.012733540610732548]
[5.6263383874441867E-8, 6.065562687280238E-8, 5.488757387614459E-8, 0.9999997727154676, 5.547794771196609E-8]
[1.3112234194211397E-9, 1.4135850529853634E-9, 8.504711924554423E-6, 1.4558399990399705E-9, 0.9999914911074271]
[2.049516858282934E-8, 2.20951391944271E-8, 0.9999999144450279, 2.275560805886354E-8, 2.02090562758107E-8]
[0.017782955123693465, 0.014469828918556978, 0.8488847712530024, 0.0687024203416079, 0.05016002436313905]
[0.9713489573236346, 0.011234003511280743, 0.003768783286016601, 7.800598993258905E-4, 0.01286819597974164]
[0.05464326728632413, 0.0647456252680012, 0.012682765364769614, 0.8380935888678295, 0.029834753213075684]
[0.05808303042810126, 1.7696240491261385E-6, 3.0794880062156228E-9, 0.916634771113914, 0.025280425754447666]
[0.007972506670227567, 0.0027167313527285803, 6.396885170183611E-6, 0.9892929180341574, 1.144705771545398E-5]
[0.046983663235592096, 0.16605775549026686, 0.011176670646154224, 0.06497678236756711, 0.7108051282604196]
[0.0020439470262910205, 0.008283544870492942, 0.03796051097731756, 0.0037597645977774387, 0.9479522325281211]
[0.21277975231063082, 0.6466002586542908, 0.03439427474482859, 0.016026018483614735, 0.09019969580663492]
[0.10604906464986742, 0.026507039217916736, 0.00664613335707559, 0.05630867105615012, 0.80448909171899]
[0.023393853743572574, 2.4190777533022447E-5, 3.326288589222795E-5, 0.035972067615325044, 0.9405766249776768]
[0.010301317190407841, 0.13317787509600817, 2.2834067764212837E-6, 0.8328649113269236, 0.02365361297988381]
[0.0031192596107370166, 0.013139372575486963, 0.0034685577029613646, 0.9413700511484231, 0.0389027589623916]
[0.3966836208107124, 0.30801288490527146, 8.603281823376693E-7, 0.1779181417363301, 0.11738449221950367]
[0.05464326728632413, 0.0647456252680012, 0.012682765364769614, 0.8380935888678295, 0.029834753213075684]
[0.7326377171420865, 1.4231141964949268E-8, 1.7351870277206887E-4, 1.4656539881229173E-8, 0.26718873526745957]
[0.031161943890093424, 0.004257123368284256, 0.016779294666912775, 0.07206927540436857, 0.8757323626703408]
[0.002104536835523009, 0.9978939510426001, 6.80371701879628E-7, 3.8551054816574676E-7, 4.4623962681529173E-7]
[2.0691180483771457E-8, 2.2306452910514735E-8, 2.0185218505912578E-8, 2.2973238373768495E-8, 0.9999999138439097]
[3.3250589595575536E-8, 4.6728035988444146E-4, 5.19771577302131E-5, 0.999480676445384, 3.278641176456758E-8]
[0.003098602541953736, 4.527387318983974E-6, 1.2018533905439345E-8, 7.904347273972225E-5, 0.9968178145794537]
[0.3081350928413878, 0.2711042915860459, 1.1034919625233492E-4, 2.5586168707515557E-5, 0.4206246802076064]
[0.5123258748451576, 0.06086396863550621, 0.1021879409247131, 0.20247073892622702, 0.12215147666839604]
[3.179904539388851E-7, 0.0036158171132793324, 0.9916827757309866, 0.0026148805890614957, 0.002086208576218513]
[0.042846216994509356, 0.09167082301916679, 0.016864762419009048, 0.06843017517203841, 0.7801880223952763]
[0.04555494104715142, 0.030532118802258135, 0.010922762565925281, 0.04184615044101498, 0.8711440271436502]
[0.008925422056090544, 2.1281018359917773E-6, 6.004859447258057E-4, 0.9899329236988874, 5.390401984597914E-4]
[0.04539520898990587, 0.03216607933367751, 0.021471713300122205, 0.7556922524326986, 0.14527474594359574]
[0.002104536835523009, 0.9978939510426001, 6.80371701879628E-7, 3.8551054816574676E-7, 4.4623962681529173E-7]
[0.8417532837135239, 2.2731152938882024E-5, 9.652646962643123E-9, 0.11583110985541915, 0.04239286562547108]
[0.002900901167418562, 5.728649787700668E-9, 5.183883254431745E-9, 0.9970968471620265, 2.2407580217175376E-6]
[0.005376647052857621, 0.9847957001587081, 0.0015145525638743688, 0.0038615099263400233, 0.0044515902982198855]
[0.005129123235305918, 0.9715095356992057, 2.739759386006795E-6, 9.84385625132881E-6, 0.023348757449850974]
[0.08442035192464514, 0.07105905635656064, 4.662205196139939E-6, 0.8088472123645775, 0.035668717149020715]
[0.02093580704099376, 0.05818268770675703, 0.8486738471232524, 0.007790169429124447, 0.06441748869987228]
[1.0296709796304158E-7, 0.9997138537258131, 1.0044924082189727E-7, 2.85841328169444E-4, 1.0152967851337177E-7]
[8.64902641512003E-6, 3.5000250351273406E-6, 4.98475090362454E-9, 5.911405019862986E-6, 0.9999819345587792]
[0.018430754766619564, 0.08858592845510307, 0.8687455049058392, 0.015117525308933483, 0.009120286563504545]
[0.06406991279812302, 0.03734393214819407, 0.05213109203007762, 0.01675427857777024, 0.8297007844458352]
[0.6756996046711997, 0.03468079866207092, 0.06372379166880703, 0.09844374771422017, 0.12745205728370235]
[3.738196769925993E-5, 0.06684606228072311, 2.6294347582302142E-8, 0.9331165028800592, 2.6577171065767018E-8]
[0.03138597698511772, 3.4198134198563807E-9, 3.017937878830098E-5, 3.522038631751254E-9, 0.9685838366942419]
[1.710542079593132E-5, 7.75365647838099E-5, 9.394949340541129E-6, 7.234530724338084E-5, 0.9998236177578365]
[0.05197436062515902, 0.5819539115952583, 0.1089351865440593, 0.0791237265046593, 0.17801281473086406]
[0.030650126689768072, 0.08800436545474564, 0.0508572248540106, 0.7682169141426456, 0.06227136885883017]
[0.5519540140474888, 0.10076272016439727, 0.008449495056049148, 0.21499188753870574, 0.12384188319335919]
[0.989005664977058, 0.006964739279653369, 1.238118148587962E-8, 0.004002570309130354, 2.7013052976574415E-5]
[0.07026126311413008, 5.4439356196598494E-5, 1.951761700208391E-4, 3.545973068180208E-5, 0.9294536616289706]
[0.9999958583605433, 1.0759083877116987E-6, 9.735947703306806E-7, 1.1080694881608334E-6, 9.840668105121772E-7]
[1.1255904999101078E-7, 1.2134605612502518E-7, 1.0980664059590467E-7, 1.2497333772698722E-7, 0.9999995313149156]
[0.0767652178460618, 0.016930366685356194, 0.009357475571912154, 0.8358244467584213, 0.06112249313824887]
[0.01713458749095961, 0.012177396923022072, 4.551669209234621E-6, 0.9108823455707986, 0.059801118346010346]
[0.4667885743691265, 0.03336974597499115, 0.0314556644556748, 0.02661863396547961, 0.441767381234728]
[0.002104536835523009, 0.9978939510426001, 6.80371701879628E-7, 3.8551054816574676E-7, 4.4623962681529173E-7]
[0.002104536835523009, 0.9978939510426001, 6.80371701879628E-7, 3.8551054816574676E-7, 4.4623962681529173E-7]
[0.03194479008778355, 0.025938449392892637, 0.7284350650925683, 0.12353604086568755, 0.09014565456106802]
[0.8988077250782393, 0.056771852570135485, 0.018057451193428574, 0.017732620800068117, 0.008630350358128664]
[0.0544913106378872, 0.8253029784517534, 0.05178585521138261, 0.019486658791776457, 0.048933196907200376]
[0.7313323409622823, 0.18159025046844843, 0.010571782697585332, 0.01313638878983075, 0.06336923708185327]
[0.002104536835523009, 0.9978939510426001, 6.80371701879628E-7, 3.8551054816574676E-7, 4.4623962681529173E-7]
[0.049624420298606926, 0.038881477919577814, 0.02232186019215698, 0.7572930116815185, 0.13187922990813952]
[4.7815565893195495E-8, 5.154832368422548E-8, 0.9999998003988408, 5.308920842397446E-8, 4.714806116817629E-8]
[2.532857905653442E-7, 2.73058734593693E-7, 2.470921865001482E-7, 2.812210181970946E-7, 0.9999989453422702]
[0.046191994303700426, 0.009723322259272247, 0.004938426205054763, 0.847232300524153, 0.0919139567078196]
[0.0012170475427146507, 0.01786993245155307, 8.839135475691166E-7, 0.9727763169194822, 0.008135819172702579]
[0.02278627840292794, 0.047986792469813334, 4.867797387659775E-5, 0.9291709138656333, 7.337287748864132E-6]
[0.12495654871689045, 0.03739671065469477, 0.0014362353540949132, 0.11025943295167717, 0.7259510723226429]
[0.11449432617394217, 1.249560732975655E-4, 6.688074463514964E-5, 0.885215110578043, 9.872643008203194E-5]
[0.07314028402833372, 2.9618752072555294E-5, 5.549778199653578E-5, 1.6122080162158352E-4, 0.9266133786359756]
[0.9986721146365666, 3.096696561077222E-4, 4.5715048911805766E-4, 1.9139410411939443E-4, 3.6967111408821903E-4]
[0.09969846949740502, 0.03972486199158389, 0.011782828740012335, 0.05023711354979394, 0.7985567262212049]
[2.8161653926868095E-8, 3.036011443110248E-8, 2.7473016266402512E-8, 3.126764029577448E-8, 0.9999998827375751]
[1.1203878638242204E-10, 1.207851777500508E-10, 0.9927000723918403, 2.4976646577268985E-7, 0.0072996776088698955]
[0.03398001630368566, 0.05345025199888687, 0.014793572463706155, 0.8947473048736396, 0.003028854360081485]
[0.016686551899588987, 0.00773547599936815, 0.006582748601487615, 0.009456327993314605, 0.95953889550624]
[0.9284100646474481, 0.03210733233753445, 7.64606692716801E-5, 0.039392747785038, 1.33945607074901E-5]
[0.9990547227994903, 1.8418588449218028E-6, 9.355767943545682E-4, 3.4805018059029913E-7, 7.510497129378432E-6]
[0.01713458749095961, 0.012177396923022072, 4.551669209234621E-6, 0.9108823455707986, 0.059801118346010346]
[0.007972506670227567, 0.0027167313527285803, 6.396885170183611E-6, 0.9892929180341574, 1.144705771545398E-5]
[0.02278627840292794, 0.047986792469813334, 4.867797387659775E-5, 0.9291709138656333, 7.337287748864132E-6]
[0.591581686745565, 0.0703377198484277, 0.04653677408188928, 0.02892177921961934, 0.2626220401044985]
[0.9213460546372788, 0.02502384135041493, 0.01757973369740508, 0.008468898197523233, 0.027581472117377832]
[1.1203878638242204E-10, 1.207851777500508E-10, 0.9927000723918403, 2.4976646577268985E-7, 0.0072996776088698955]
[1.1203878638242204E-10, 1.207851777500508E-10, 0.9927000723918403, 2.4976646577268985E-7, 0.0072996776088698955]
[0.14954279705932674, 0.011833923483544444, 0.017347398587551306, 0.02182329909794489, 0.7994525817716327]
[0.9987441284810447, 1.3966207401764638E-6, 9.347569655831324E-4, 3.140222109488077E-4, 5.695721682919099E-6]
[0.12303889947650687, 0.061406838876712624, 0.8008945589402464, 6.820025465301493E-4, 0.013977700160003605]
[1.1203878638242204E-10, 1.207851777500508E-10, 0.9927000723918403, 2.4976646577268985E-7, 0.0072996776088698955]
[0.013264288921856347, 0.9749259797848173, 1.629696872101034E-5, 7.671601931177743E-6, 0.011785762722674275]
[0.08222628109277612, 0.07401323881847924, 0.004989479711269457, 0.7454569920010163, 0.09331400837645898]
[0.028348198699002212, 0.0715028852760725, 8.796970753936188E-9, 0.8849998160093814, 0.0151490912185732]
[0.007753886342187457, 0.03474463095130768, 0.9363080866249616, 2.0451072012987555E-4, 0.020988885361413155]
[0.03225598609254882, 0.026882998267170256, 0.9366455128098027, 0.004204866243456163, 1.063658702205441E-5]
[0.8696312833699402, 0.08040346812706846, 0.020585024429242052, 0.010994664586973164, 0.018385559486776087]
[0.06562039077239323, 0.7296811962279064, 0.12078929686423619, 0.02739276286920647, 0.056516353266257854]
[0.0022003396074406273, 4.701520688446147E-10, 8.0917929541981E-7, 0.9974241077887334, 3.7474295437862177E-4]
[0.052278715832798736, 0.04453923817926611, 0.009310373504503283, 0.056324475186565554, 0.8375471972968661]
[1.2651558255832667E-4, 4.091577115724134E-4, 8.431839112352064E-9, 0.9994308231629787, 3.349511105142318E-5]
[0.02093580704099376, 0.05818268770675703, 0.8486738471232524, 0.007790169429124447, 0.06441748869987228]
[6.654105435674232E-5, 3.360184023263391E-8, 0.9996233388001257, 3.460626790634687E-8, 3.100519374096318E-4]
[0.07026126311413008, 5.4439356196598494E-5, 1.951761700208391E-4, 3.545973068180208E-5, 0.9294536616289706]
[4.1618817583872537E-4, 0.9988242227630317, 1.780477401870935E-4, 3.187098063379869E-4, 2.628315146043244E-4]
[0.0029326618621547053, 0.9497941343591365, 4.2956342204917403E-4, 0.04684063695008518, 3.003406574610322E-6]
[3.179904539388851E-7, 0.0036158171132793324, 0.9916827757309866, 0.0026148805890614957, 0.002086208576218513]
[0.05644044487869765, 0.20541236583821063, 0.6831812897388977, 0.0549603315128578, 5.568031336256586E-6]
[0.0029326618621547053, 0.9497941343591365, 4.2956342204917403E-4, 0.04684063695008518, 3.003406574610322E-6]
[1.138202713750799E-7, 1.227057356964995E-7, 0.9999995248689901, 1.2637366089951183E-7, 1.1223134175505743E-7]
[1.2665875706563324E-7, 1.3654646734171714E-7, 1.2356156716444138E-7, 1.40628120298705E-7, 0.9999994726050881]
[0.09203792873343214, 0.18629960870610546, 0.026204019210921897, 0.030952668636764095, 0.6645057747127764]
[0.9090384237004346, 2.0567893040148804E-5, 0.07640505308362995, 7.232321808142155E-5, 0.014463632104813912]
[8.164040691848203E-5, 0.8394737252680483, 1.2189303749063434E-8, 0.16039750561153104, 4.711652419825821E-5]
[2.249577689095743E-4, 2.9676628132349836E-4, 2.8875524098271397E-9, 0.999212676534762, 2.655965274526577E-4]
[0.007609166044925286, 7.848496282040258E-4, 0.9565243656182769, 0.0349840461325022, 9.757257609156866E-5]
[0.052278715832798736, 0.04453923817926611, 0.009310373504503283, 0.056324475186565554, 0.8375471972968661]
[0.8774375206780772, 0.03923381170735114, 0.003604221464563895, 0.04414841686119305, 0.03557602928881454]
[5.649459637203769E-5, 0.008563892612714945, 0.9813317904922558, 0.009838981090101936, 2.0884120855522452E-4]
[0.11749181226479102, 0.034193381758644996, 0.609222163800232, 0.1696902448936548, 0.06940239728267712]
[3.179904539388851E-7, 0.0036158171132793324, 0.9916827757309866, 0.0026148805890614957, 0.002086208576218513]
[0.6403760112653493, 0.00955720561681917, 0.19476769795455298, 0.0011378549171643289, 0.1541612302461143]
[1.5842251086553828E-8, 1.7078988225728877E-8, 1.5454860106141828E-8, 1.75895140866393E-8, 0.9999999340343867]
[0.08222628109277612, 0.07401323881847924, 0.004989479711269457, 0.7454569920010163, 0.09331400837645898]
[0.1322743694567151, 0.769161945007881, 5.576456621654604E-6, 0.059399204642740115, 0.03915890443604211]
[0.9701180305141675, 2.7056491764209926E-5, 4.659620580812676E-9, 0.020732464853656943, 0.009122443480790964]
[4.721820973072449E-5, 2.1421900516255046E-4, 2.59111844986244E-5, 0.9995545471705795, 1.5810443002862523E-4]
[0.030650126689768072, 0.08800436545474564, 0.0508572248540106, 0.7682169141426456, 0.06227136885883017]
[0.06583548942190337, 0.029560146674135854, 0.9028972267284865, 6.6136934985656145E-6, 0.0017005234819756632]
[3.26418815766538E-10, 3.5190094391729385E-10, 3.1843688792220227E-10, 0.9999999986813811, 3.218620130227196E-10]
[0.07018998908476676, 0.9249823773452083, 4.661420295378409E-6, 0.0014933988879926626, 0.0033295732617367865]
[0.056700804290794875, 0.12047431843288241, 9.404036752020334E-5, 0.028326427283525003, 0.7944044096252775]
[1.1203878638242204E-10, 1.207851777500508E-10, 0.9927000723918403, 2.4976646577268985E-7, 0.0072996776088698955]
[1.1203878638242204E-10, 1.207851777500508E-10, 0.9927000723918403, 2.4976646577268985E-7, 0.0072996776088698955]
[0.06664864095986812, 0.1125451745111968, 0.04667603751555052, 0.5800786172857745, 0.19405152972761003]
[0.9918750442960428, 4.705988271669453E-6, 2.518666931504728E-6, 4.5085923186169955E-6, 0.008113222456435065]
[0.8023790017553406, 0.0629066486763936, 0.002469472314325016, 0.07477703767136801, 0.057467839582572844]
[0.04247453901274826, 1.804747661382104E-8, 0.957469510382442, 9.504051644498234E-6, 4.642850568851386E-5]
[0.034019807998831524, 0.7744296249821686, 0.002583075170303658, 0.05571898333480524, 0.13324850851389108]
[0.7702207770420284, 0.014540104563138945, 0.08358589553586869, 0.054000938696761557, 0.07765228416220264]
[1.1241557350918188E-9, 0.009301373118092994, 0.10399538270393423, 0.886701255598109, 1.9874557080382574E-6]
[0.08488397109706422, 0.011645337858045854, 5.044969391802655E-9, 0.014281172721899094, 0.8891895132780213]
[1.1203878638242204E-10, 1.207851777500508E-10, 0.9927000723918403, 2.4976646577268985E-7, 0.0072996776088698955]
[0.05845944969947714, 0.11341088138519834, 0.003001342346102208, 0.013231070284551226, 0.8118972562846712]
[1.1494458489799277E-5, 2.3032714134672088E-5, 7.783866073736016E-6, 5.556272352384567E-6, 0.9999521326889496]
[0.07453041488578162, 0.11119830141190915, 0.0011799738277963549, 0.7538672753780215, 0.05922403449649101]
[1.1203878638242204E-10, 1.207851777500508E-10, 0.9927000723918403, 2.4976646577268985E-7, 0.0072996776088698955]
[0.04566454261712769, 0.004551347458803254, 0.0586886106136126, 0.0035197955460869426, 0.8875757037643693]
[0.02093580704099376, 0.05818268770675703, 0.8486738471232524, 0.007790169429124447, 0.06441748869987228]
[0.0022919165795478747, 0.0019254428156365777, 3.059513884306849E-6, 0.02991132686815422, 0.9658682542227773]
[0.02443762977688423, 0.9684647852833089, 1.9748425838072573E-5, 0.005023870379073971, 0.0020539661348947555]
[0.026658492114819462, 0.9733414603304846, 1.5102108456980896E-8, 1.7188039724568845E-8, 1.526454758607884E-8]
[0.999867718957952, 1.2333515037039966E-8, 1.1372389507900145E-5, 7.976137069579968E-5, 4.113494832926317E-5]
[6.288876539462077E-5, 0.15060895715651476, 0.8349943949599675, 0.006658762851498883, 0.007674996266624116]
[9.240738419557044E-6, 0.9999627771323413, 6.257536265421954E-6, 4.4665462677433076E-6, 1.7258046705955943E-5]
[3.179904539388851E-7, 0.0036158171132793324, 0.9916827757309866, 0.0026148805890614957, 0.002086208576218513]
[0.029969432455400378, 1.430423794839272E-4, 1.3544109188559875E-4, 0.969752072774922, 1.1298307874955504E-8]
[2.049516858282934E-8, 2.20951391944271E-8, 0.9999999144450279, 2.275560805886354E-8, 2.02090562758107E-8]
[0.9367406847895031, 0.038330957846543716, 0.0014186991375634039, 0.004992888320525014, 0.018516769905864507]
[0.999568436998582, 3.221253792344186E-4, 1.0937721561811849E-4, 3.199345671045395E-8, 2.8413108779461363E-8]
[0.06869133622735228, 0.7178876321952118, 0.0019100463105195227, 0.09168713148282648, 0.11982385378408968]
[0.019821605679557038, 0.8600656214816906, 0.08294385349830148, 0.007436104253058191, 0.02973281508739295]
[0.002104536835523009, 0.9978939510426001, 6.80371701879628E-7, 3.8551054816574676E-7, 4.4623962681529173E-7]
[0.05808303042810126, 1.7696240491261385E-6, 3.0794880062156228E-9, 0.916634771113914, 0.025280425754447666]
[0.04013293471832197, 0.011264950869565098, 1.650408680438372E-5, 0.0044280353732882366, 0.9441575749520204]
[6.269540534479347E-5, 9.513910182517932E-5, 0.9998419747172912, 1.0104148268677029E-7, 8.973405608526167E-8]
[0.002104536835523009, 0.9978939510426001, 6.80371701879628E-7, 3.8551054816574676E-7, 4.4623962681529173E-7]
[0.008925422056090544, 2.1281018359917773E-6, 6.004859447258057E-4, 0.9899329236988874, 5.390401984597914E-4]
[1.1203878638242204E-10, 1.207851777500508E-10, 0.9927000723918403, 2.4976646577268985E-7, 0.0072996776088698955]
[1.1203878638242204E-10, 1.207851777500508E-10, 0.9927000723918403, 2.4976646577268985E-7, 0.0072996776088698955]
[0.07598104566953962, 0.05852556590228502, 1.15196704023265E-8, 1.3110788672531537E-8, 0.8654933637977165]
[0.10898490688791579, 0.046046946824512686, 0.004402987032733608, 0.07592775867081074, 0.7646374005840273]
[4.721820973072449E-5, 2.1421900516255046E-4, 2.59111844986244E-5, 0.9995545471705795, 1.5810443002862523E-4]
[1.829813982086186E-5, 0.9999387617460378, 1.043344236472255E-5, 1.3835190359053402E-5, 1.867148141770285E-5]
[0.006595322278678427, 0.008346245233334697, 0.9579155182337914, 0.00860587143605112, 0.018537042818144348]
[0.07963983330990676, 1.1358916241994492E-5, 0.08397203508484873, 0.005501332448374707, 0.8308754402406279]
[0.012769431711554041, 0.01330996533731738, 1.8715033517820375E-5, 0.13882769851897078, 0.83507418939864]
[0.04467169381639321, 5.309241780571422E-5, 1.67855799580907E-8, 2.2353442490019585E-5, 0.9552528435377309]
[0.022652127712216617, 0.11727176518299035, 0.002583742677367881, 0.04029384443365085, 0.8171985199937741]
[1.1203878638242204E-10, 1.207851777500508E-10, 0.9927000723918403, 2.4976646577268985E-7, 0.0072996776088698955]
[0.586392044708448, 0.03511856541306754, 0.28250141797192324, 0.0044340784283675464, 0.09155389347819391]
[9.240738419557044E-6, 0.9999627771323413, 6.257536265421954E-6, 4.4665462677433076E-6, 1.7258046705955943E-5]
[0.8759561834143728, 0.12393473001673737, 4.89714309106624E-5, 2.051214140623234E-5, 3.9602996573029236E-5]
[0.09545443359002435, 0.014631617206368248, 0.014489554697591434, 0.8481162327233971, 0.027308161782618686]
[1.1203878638242204E-10, 1.207851777500508E-10, 0.9927000723918403, 2.4976646577268985E-7, 0.0072996776088698955]
[1.1088889040137095E-4, 5.3445175566721616E-5, 1.6154982549760095E-5, 0.9997380737095694, 8.143724191271882E-5]
[0.034577908572897935, 0.023296318186224022, 0.172186398267093, 0.7489250113212068, 0.021014363652577982]
[0.05809334212919309, 0.02671185751121098, 0.01459446443526952, 0.8625878479190672, 0.03801248800525919]
[0.6921856305940692, 0.03456150806546156, 0.030992431317451826, 0.14415296722858215, 0.09810746279443534]
[0.015607207160069402, 0.9243537645988682, 3.29725271271938E-4, 0.048896989799983505, 0.01081231316980649]
[0.03177375745360199, 0.9572943091995771, 1.2637736368178913E-5, 0.008867014965497329, 0.0020522806449554463]
[0.12810077699036584, 0.021008394242470235, 0.002305368493537519, 0.022678629557737223, 0.825906830715889]
[0.028375195610234147, 0.09380542153492336, 0.04267561712593605, 0.7878060817031893, 0.04733768402571707]
[0.00400310667037083, 0.0013405344078436445, 0.004147505513639565, 1.6648522664985853E-5, 0.990492204885481]
[0.04098592962237281, 0.06469315276428793, 4.411765475159513E-5, 0.08264762975954328, 0.8116291701990443]
[0.03177375745360199, 0.9572943091995771, 1.2637736368178913E-5, 0.008867014965497329, 0.0020522806449554463]
[1.1203878638242204E-10, 1.207851777500508E-10, 0.9927000723918403, 2.4976646577268985E-7, 0.0072996776088698955]
[0.04555494104715142, 0.030532118802258135, 0.010922762565925281, 0.04184615044101498, 0.8711440271436502]
[1.1203878638242204E-10, 1.207851777500508E-10, 0.9927000723918403, 2.4976646577268985E-7, 0.0072996776088698955]
[0.016686551899588987, 0.00773547599936815, 0.006582748601487615, 0.009456327993314605, 0.95953889550624]
[0.8429478200321845, 0.059498698400600625, 0.0198247108087512, 0.06960297169611153, 0.008125799062352425]
[3.26418815766538E-10, 3.5190094391729385E-10, 3.1843688792220227E-10, 0.9999999986813811, 3.218620130227196E-10]
[0.030650126689768072, 0.08800436545474564, 0.0508572248540106, 0.7682169141426456, 0.06227136885883017]
[0.08222628109277612, 0.07401323881847924, 0.004989479711269457, 0.7454569920010163, 0.09331400837645898]
[0.8988077250782393, 0.056771852570135485, 0.018057451193428574, 0.017732620800068117, 0.008630350358128664]
[0.03453680365990082, 0.10947752274307199, 0.014848368156859996, 0.812413633888058, 0.028723671552109836]
[0.823987574841565, 0.026003879769551454, 0.007331732209135684, 0.05429098014274848, 0.08838583303699916]
[0.7924261090762241, 0.06582081000632355, 0.008093903905138873, 0.05235710682149218, 0.08130207019082139]
[0.12309133944080193, 0.7843731384603543, 0.007331358322826555, 0.04341379715874166, 0.04179036661727575]
[0.9659438759188095, 0.022751639346399604, 7.387134119825668E-6, 0.009135487304292861, 0.002161610296378582]
[0.9999795582397863, 2.0411702863152257E-5, 9.545416280657143E-9, 1.0863846905008937E-8, 9.648087315759567E-9]
[0.002104536835523009, 0.9978939510426001, 6.80371701879628E-7, 3.8551054816574676E-7, 4.4623962681529173E-7]
[0.9506254664679636, 0.013980629389352059, 0.03536175007810532, 1.7621841707733947E-5, 1.4532222871240176E-5]
[0.0029326618621547053, 0.9497941343591365, 4.2956342204917403E-4, 0.04684063695008518, 3.003406574610322E-6]
[0.014693478765691862, 0.017445761222460443, 0.029539350819963024, 0.0029263002654335295, 0.9353951089264512]
[8.562098995636802E-4, 0.015578632051384905, 0.013906641921116044, 0.8900349889230326, 0.07962352720490225]
[0.09221254328577354, 1.4211002906295217E-4, 0.9073969188028275, 1.3614933720251462E-4, 1.1227854513354083E-4]
[0.12116935427610383, 1.2438841544417558E-5, 6.656703907428836E-6, 0.8527707639217897, 0.026040786256654624]
[0.10237296971823602, 0.68421028542907, 0.1172105050039299, 0.057082964443463974, 0.039123275405299744]
[0.650208395086553, 0.08608641453264834, 0.07399687103143367, 0.018272694765381087, 0.17143562458398415]
[1.1203878638242204E-10, 1.207851777500508E-10, 0.9927000723918403, 2.4976646577268985E-7, 0.0072996776088698955]
[2.3998249010411204E-8, 0.9999583047401535, 2.3411419199324258E-8, 4.1624186944522064E-5, 2.366323374273837E-8]
[0.020083755294850455, 0.8136277694630649, 0.14046504662096174, 0.010676934555206952, 0.015146494065915821]
[0.5379128020061751, 0.1253739756766374, 0.05764545465655692, 0.023207843650547674, 0.25585992401008306]
[1.1241557350918188E-9, 0.009301373118092994, 0.10399538270393423, 0.886701255598109, 1.9874557080382574E-6]
[0.006723924407556606, 0.9127872964843171, 5.621793093496176E-4, 0.06334565692214757, 0.016580942876629128]
[0.9090384237004346, 2.0567893040148804E-5, 0.07640505308362995, 7.232321808142155E-5, 0.014463632104813912]
[8.802481008619728E-6, 8.195748342767017E-6, 0.02298682030701077, 5.06486067570863E-6, 0.976991116602962]
[1.1203878638242204E-10, 1.207851777500508E-10, 0.9927000723918403, 2.4976646577268985E-7, 0.0072996776088698955]
[5.626338387444188E-8, 6.065562687280238E-8, 5.488757387614461E-8, 0.9999997727154676, 5.5477947711966094E-8]
[0.8533289492725271, 0.0825542537767062, 1.8607550622367186E-5, 0.009946569550947729, 0.05415161984919664]
